ean13,description,created_at,modified_at
9783121049080,Tic Tac fresh mint,2026-09-16T17:42:53Z,2026-09-16T17:42:53Z
9783122709860,Ernst Klett Verlag GmBh Zebra 4 Deutsch Wissensbuch 72 Seiten,2026-09-16T17:42:53Z,2026-09-16T17:42:53Z
9783125460805,Red Line 5,2026-09-16T17:42:53Z,2026-09-16T17:42:53Z
9783126050838,Deutsche fur die Romandie,2026-09-16T17:42:53Z,2026-09-16T17:42:53Z
9783126062978,Klett Geni@l A2,2026-09-16T17:42:53Z,2026-09-16T17:42:53Z
9783126758567,Le Cul Bavarois,2026-09-16T17:42:53Z,2026-09-16T17:42:53Z
9783127323207,Starbucks Impossible Breakfast Sandwich,2026-09-16T17:42:53Z,2026-09-16T17:42:53Z
9783128542508,Englisch Buch Giftig!,2026-09-16T17:42:53Z,2026-09-16T17:42:53Z
9783129497364,Klett Bibi & Tina Die 6 besten Freundinnen-Geschichten 1 Stück,2026-09-16T17:42:53Z,2026-09-16T17:42:53Z
9783161484100,Kühlmann Feuilletee 250g,2026-09-16T17:42:53Z,2026-09-16T17:42:53Z
9783191116576,Allemand,2026-09-16T17:42:53Z,2026-09-16T17:42:53Z
