ean13,description,created_at,modified_at
8160200070103,ONKEL Mäta 25g,2026-09-16T17:42:53Z,2026-09-16T17:42:53Z
8160310867778,Materne Ma pause fruit 120 grammes,2026-09-16T17:42:53Z,2026-09-16T17:42:53Z
8160550015618,Olive & Tomate Pizza pepperoni fromage 500 g,2026-09-16T17:42:53Z,2026-09-16T17:42:53Z
8160550015786,Pizza sauce tomate et fromage,2026-09-16T17:42:53Z,2026-09-16T17:42:53Z
8160550018510,Pizza traditionnelle aux tomates 390 g,2026-09-16T17:42:53Z,2026-09-16T17:42:53Z
8161080261117,picard cabillaud MSC,2026-09-16T17:42:53Z,2026-09-16T17:42:53Z
8161112059767,Billa + Nudelsalat,2026-09-16T17:42:53Z,2026-09-16T17:42:53Z
8161154002691,Weleda Pâte dentifrice saline,2026-09-16T17:42:53Z,2026-09-16T17:42:53Z
8161207421912,YogaTea Équilibre Féminin,2026-09-16T17:42:53Z,2026-09-16T17:42:53Z
8161232461211,Signal Bio,2026-09-16T17:42:53Z,2026-09-16T17:42:53Z
8161351759015,Palmolive Douche Bois des tropiques 250 ml,2026-09-16T17:42:53Z,2026-09-16T17:42:53Z
8161381047601,High Fiber Oatmeal,2026-09-16T17:42:53Z,2026-09-16T17:42:53Z
8161617111212,suavinex detergente para biberones y tetinas 500ml,2026-09-16T17:42:53Z,2026-09-16T17:42:53Z
8161662642440,Biere,2026-09-16T17:42:53Z,2026-09-16T17:42:53Z
8161815119232,CASE IPHN4/4S BUY1 GET1 PROMATE,2026-09-17T13:43:43Z,2026-09-17T13:43:43Z
8161815120153,B/T HS ATOM PROMATE,2026-09-17T13:43:43Z,2026-09-17T13:43:43Z
8161815121204,PROMATE CABLE USB 3.0 LINKMATE.U4,2026-09-17T13:43:43Z,2026-09-17T13:43:43Z
8161815482510,Don pollo Pouletbrust,2026-09-16T17:42:53Z,2026-09-16T17:42:53Z
8161815916411,SCREEN PROT IPHN4/4S CLEAR PROMATE,2026-09-17T13:43:43Z,2026-09-17T13:43:43Z
8162242120044,Andersen English Bread,2026-09-16T17:42:53Z,2026-09-16T17:42:53Z
8162618211321,Isotonic drink,2026-09-16T17:42:53Z,2026-09-16T17:42:53Z
8162660601712,Amora Mayonnaise de Dijon,2026-09-16T17:42:53Z,2026-09-16T17:42:53Z
8162927163014,BCAA MATRIX POWDER,2026-09-16T17:42:53Z,2026-09-16T17:42:53Z
8163152223641,"Shoprite Orange Drink From Concentrate, Orange",2026-09-16T17:42:53Z,2026-09-16T17:42:53Z
8163280011998,Salamoia Bolognese,2026-09-16T17:42:53Z,2026-09-16T17:42:53Z
8163366003725,Gut von Holstein Holsteiner Tilsiter 438g,2026-09-16T17:42:53Z,2026-09-16T17:42:53Z
8163662040066,Sauce pour nems,2026-09-16T17:42:53Z,2026-09-16T17:42:53Z
8163668001405,RXBAR Layers Layers Protien Bar Chocolate Almond,2026-09-16T17:42:53Z,2026-09-16T17:42:53Z
8164320009784,Delizia grass jelly with Red Bean,2026-09-16T17:42:53Z,2026-09-16T17:42:53Z
8164370673836,krusteaz 20 oz,2026-09-16T17:42:53Z,2026-09-16T17:42:53Z
8164371673736,krusteaz cinnamon swirl crumb cake,2026-09-16T17:42:53Z,2026-09-16T17:42:53Z
8164430851778,Pwd hydrolean protein 1kg,2026-09-16T17:42:53Z,2026-09-16T17:42:53Z
8164527493782,JACQUET MINI BROWNI HAZELNUT 150 GRAM,2026-09-17T13:43:43Z,2026-09-17T13:43:43Z
8164784778981,Skinny popcorn,2026-09-16T17:42:53Z,2026-09-16T17:42:53Z
8164830678883,Nature de France Cordons bleus de poulet 200 g,2026-09-16T17:42:53Z,2026-09-16T17:42:53Z
8165120690622,Out of Africa World Class Out Of Africa Macadamia Nuts Dry Roasted And Salted 50g,2026-09-16T17:42:53Z,2026-09-16T17:42:53Z
8165530010324,Feuilles de riz,2026-09-16T17:42:53Z,2026-09-16T17:42:53Z
8165530029548,AKI Sushi Riz a sushi,2026-09-16T17:42:53Z,2026-09-16T17:42:53Z
8165602004114,CONTI T165/60R20 113M CST17,2026-09-17T13:43:43Z,2026-09-17T13:43:43Z
8165651400042,CONTI 165/65R14 79T EC5 CONTIECOCON,2026-09-17T13:43:43Z,2026-09-17T13:43:43Z
8165771744118,Épices Fuchs sarl Persil déshydraté,2026-09-16T17:42:53Z,2026-09-16T17:42:53Z
8165891605276,Sushi Gourmet Gourmet saumon classique 255 g,2026-09-16T17:42:53Z,2026-09-16T17:42:53Z
8166522909091,pwd Proteín meal,2026-09-16T17:42:53Z,2026-09-16T17:42:53Z
8167217211246,JACQUET MINI BROWNI HAZELNUT 150 GRAM,2026-09-17T13:43:43Z,2026-09-17T13:43:43Z
8167223801462,pwd Protein Meal 35 g,2026-09-16T17:42:53Z,2026-09-16T17:42:53Z
8167410101047,Caffè,2026-09-16T17:42:53Z,2026-09-16T17:42:53Z
8167820784939,Alpro Lait d'amande grillée original,2026-09-16T17:42:53Z,2026-09-16T17:42:53Z
8167900015175,Happy Harvest Körndlweckerl,2026-09-16T17:42:53Z,2026-09-16T17:42:53Z
8168231466995,USHAK NTU SPRING WTR GLS 330ML X24,2026-09-17T13:43:43Z,2026-09-17T13:43:43Z
8169003006531,ACI Pure Mejbani Beef Masala 65 g,2026-09-16T17:42:53Z,2026-09-16T17:42:53Z
8169003007309,Fun fresh fry chips,2026-09-16T17:42:53Z,2026-09-16T17:42:53Z
8169003009839,Chinese chow mein,2026-09-16T17:42:53Z,2026-09-16T17:42:53Z
8169003009914,Aci fun S.C Butter plain cake 18g,2026-09-16T17:42:53Z,2026-09-16T17:42:53Z
8169003009952,Aci fun S.C malai kheer custard cake 18g,2026-09-16T17:42:53Z,2026-09-16T17:42:53Z
8169003009983,Fun Toast,2026-09-16T17:42:53Z,2026-09-16T17:42:53Z
8169003010033,aci pure shahi jarda,2026-09-16T17:42:53Z,2026-09-16T17:42:53Z
8169071245962,Emmental français,2026-09-16T17:42:53Z,2026-09-16T17:42:53Z
8169280706391,USHAK NTURALSPRING WATER GLS 1L X12,2026-09-17T13:43:43Z,2026-09-17T13:43:43Z
8169550184614,PwD Whey Protein Meal - Tiramisu 35 g,2026-09-16T17:42:53Z,2026-09-16T17:42:53Z
8169590815141,Pizza pate fin moza thiiret 35 g,2026-09-16T17:42:53Z,2026-09-16T17:42:53Z
8169691211019,Bego Champignons de Paris 184 g,2026-09-16T17:42:53Z,2026-09-16T17:42:53Z
8169691212023,Bego 400 g,2026-09-16T17:42:53Z,2026-09-16T17:42:53Z
8169691411013,Sardinen 1pcs,2026-09-16T17:42:53Z,2026-09-16T17:42:53Z
8169691411020,Sardines à l'huile/Bego,2026-09-16T17:42:53Z,2026-09-16T17:42:53Z
8169691511010,Aceto balsamico di Modena IGP,2026-09-16T17:42:53Z,2026-09-16T17:42:53Z
8169691513014,Aceto balsamico di modena I.G.P.,2026-09-16T17:42:53Z,2026-09-16T17:42:53Z
8169691515018,Condimento Bianco 1pcs,2026-09-16T17:42:53Z,2026-09-16T17:42:53Z
8169691611017,Bego Choco : Biscuits doubles farcis 500 g,2026-09-16T17:42:53Z,2026-09-16T17:42:53Z
